"point_id"	"Mrub_sum"	"Msca_sum"	"Mrug_sum"	"Msch_sum"	"oth_sum"	"x"	"y"
1	0	0	10	0	0	1499978.283	-40.25199878
2	2	0	0	0	0	1499975.282	-40.25199878
3	19	0	0	0	0	1499972.281	-40.25199878
4	0	29	5	0	0	1499969.28	-40.25199878
5	0	13	0	0	0	1499966.279	-40.25199878
6	0	0	0	0	0	1499963.278	-40.25199878
7	0	0	0	26	0	1499960.277	-40.25199878
11	1	0	16	0	0	1499948.273	-40.25199878
12	0	4	0	0	0	1499945.272	-40.25199878
13	0	0	68	0	0	1499942.271	-40.25199878
14	0	0	13	0	0	1499939.27	-40.25199878
15	0	0	0	0	0	1499936.269	-40.25199878
20	0	0	19	0	0	1499978.283	-37.25096667
21	0	0	0	18	0	1499975.282	-37.25096667
22	15	0	0	0	0	1499972.281	-37.25096667
23	0	5	3	0	0	1499969.28	-37.25096667
24	0	4	15	0	0	1499966.279	-37.25096667
25	1	0	0	0	0	1499963.278	-37.25096667
26	20	0	2	0	0	1499960.277	-37.25096667
27	0	0	8	0	0	1499957.276	-37.25096667
28	19	0	0	0	0	1499954.275	-37.25096667
30	0	0	6	0	0	1499948.273	-37.25096667
31	0	0	5	0	0	1499945.272	-37.25096667
32	0	0	32	0	0	1499942.271	-37.25096667
33	0	28	0	0	0	1499939.27	-37.25096667
34	0	0	3	0	0	1499936.269	-37.25096667
35	0	0	1	0	0	1499933.268	-37.25096667
36	0	0	1	0	0	1499930.267	-37.25096667
39	12	0	18	0	0	1499978.283	-34.24993456
40	0	0	7	0	0	1499975.282	-34.24993456
41	0	0	18	0	0	1499972.281	-34.24993456
42	0	0	64	0	0	1499969.28	-34.24993456
43	0	0	3	0	0	1499966.279	-34.24993456
44	9	0	0	0	0	1499963.278	-34.24993456
45	5	0	0	0	0	1499960.277	-34.24993456
46	0	0	0	0	30	1499957.276	-34.24993456
47	0	0	30	0	0	1499954.275	-34.24993456
49	0	0	1	4	6	1499948.273	-34.24993456
50	0	0	1	1	0	1499945.272	-34.24993456
51	0	6	0	0	0	1499942.271	-34.24993456
52	0	15	1	0	0	1499939.27	-34.24993456
53	0	4	10	0	0	1499936.269	-34.24993456
54	0	5	4	0	0	1499933.268	-34.24993456
55	0	0	6	0	0	1499930.267	-34.24993456
56	5	0	3	0	0	1499927.266	-34.24993456
57	0	2	2	0	0	1499924.265	-34.24993456
58	0	0	3	0	0	1499978.283	-31.24890245
59	5	0	0	0	0	1499975.282	-31.24890245
64	4	0	0	0	0	1499960.277	-31.24890245
65	0	0	5	0	0	1499957.276	-31.24890245
68	0	0	29	0	0	1499948.273	-31.24890245
69	4	1	0	0	0	1499945.272	-31.24890245
70	2	0	0	0	30	1499942.271	-31.24890245
71	0	12	0	0	0	1499939.27	-31.24890245
72	0	5	0	0	0	1499936.269	-31.24890245
73	0	2	0	0	0	1499933.268	-31.24890245
74	0	4	0	0	0	1499930.267	-31.24890245
75	0	0	14	0	0	1499927.266	-31.24890245
76	0	8	0	0	0	1499924.265	-31.24890245
77	8	0	0	0	0	1499978.283	-28.24787034
87	0	0	9	0	0	1499948.273	-28.24787034
88	0	0	27	0	1	1499945.272	-28.24787034
89	0	0	16	0	26	1499942.271	-28.24787034
90	0	0	27	0	0	1499939.27	-28.24787034
91	0	3	0	0	0	1499936.269	-28.24787034
92	0	0	27	0	0	1499933.268	-28.24787034
93	0	8	0	0	0	1499930.267	-28.24787034
94	0	0	0	0	0	1499927.266	-28.24787034
95	0	6	3	0	0	1499924.265	-28.24787034
96	0	0	7	0	0	1499978.283	-25.24683823
98	0	0	0	9	0	1499972.281	-25.24683823
99	0	0	0	0	0	1499969.28	-25.24683823
103	0	0	0	0	0	1499957.276	-25.24683823
104	0	0	14	0	0	1499954.275	-25.24683823
106	0	0	0	2	0	1499948.273	-25.24683823
107	0	1	0	0	0	1499945.272	-25.24683823
108	0	3	0	0	0	1499942.271	-25.24683823
109	0	0	5	0	0	1499939.27	-25.24683823
110	0	14	0	0	0	1499936.269	-25.24683823
111	0	0	4	0	1	1499933.268	-25.24683823
112	0	3	0	0	0	1499930.267	-25.24683823
113	0	0	2	0	0	1499927.266	-25.24683823
114	0	3	20	0	0	1499924.265	-25.24683823
115	0	0	0	5	0	1499978.283	-22.24580612
117	0	0	0	0	0	1499972.281	-22.24580612
118	0	0	0	0	0	1499969.28	-22.24580612
122	0	0	7	0	0	1499957.276	-22.24580612
123	0	6	11	0	0	1499954.275	-22.24580612
124	0	3	0	0	0	1499951.274	-22.24580612
125	0	0	21	0	0	1499948.273	-22.24580612
126	1	0	13	0	0	1499945.272	-22.24580612
127	0	0	37	0	0	1499942.271	-22.24580612
128	0	13	0	0	0	1499939.27	-22.24580612
129	0	5	0	0	0	1499936.269	-22.24580612
130	1	0	14	0	0	1499933.268	-22.24580612
131	0	4	5	0	0	1499930.267	-22.24580612
132	0	5	10	0	0	1499927.266	-22.24580612
133	0	0	94	0	0	1499924.265	-22.24580612
142	0	0	10	0	0	1499954.275	-19.24477401
143	0	0	8	2	0	1499951.274	-19.24477401
144	0	0	3	7	0	1499948.273	-19.24477401
145	0	4	0	0	0	1499945.272	-19.24477401
146	5	0	45	0	0	1499942.271	-19.24477401
147	0	7	0	0	0	1499939.27	-19.24477401
148	0	0	37	0	1	1499936.269	-19.24477401
149	14	0	18	0	0	1499933.268	-19.24477401
150	5	7	0	0	0	1499930.267	-19.24477401
151	0	10	0	0	76	1499927.266	-19.24477401
152	0	0	14	0	6	1499924.265	-19.24477401
153	0	0	2	0	0	1499978.283	-16.2437419
154	0	0	0	0	0	1499975.282	-16.2437419
161	0	0	14	0	5	1499954.275	-16.2437419
162	0	0	3	0	0	1499951.274	-16.2437419
163	0	0	11	0	0	1499948.273	-16.2437419
164	9	0	7	0	0	1499945.272	-16.2437419
165	0	0	17	0	0	1499942.271	-16.2437419
166	0	6	0	0	0	1499939.27	-16.2437419
167	0	6	0	0	0	1499936.269	-16.2437419
168	0	6	0	0	0	1499933.268	-16.2437419
169	0	61	0	0	0	1499930.267	-16.2437419
170	0	0	13	0	15	1499927.266	-16.2437419
171	0	5	5	0	0	1499924.265	-16.2437419
172	0	0	0	2	0	1499978.283	-13.24270979
173	0	0	0	2	7	1499975.282	-13.24270979
176	2	0	0	0	2	1499966.279	-13.24270979
177	0	0	0	0	6	1499963.278	-13.24270979
180	0	0	10	0	0	1499954.275	-13.24270979
181	0	0	1	0	0	1499951.274	-13.24270979
182	0	0	4	0	0	1499948.273	-13.24270979
183	0	0	0	0	2	1499945.272	-13.24270979
184	11	0	8	0	0	1499942.271	-13.24270979
185	0	0	22	0	53	1499939.27	-13.24270979
186	0	0	43	0	0	1499936.269	-13.24270979
187	0	1	0	0	0	1499933.268	-13.24270979
188	0	3	0	0	0	1499930.267	-13.24270979
189	0	0	6	0	0	1499927.266	-13.24270979
190	0	0	1	0	38	1499924.265	-13.24270979
191	0	4	0	0	0	1499978.283	-10.24167768
192	0	0	0	0	0	1499975.282	-10.24167768
193	0	0	0	0	0	1499972.281	-10.24167768
194	0	9	0	17	0	1499969.28	-10.24167768
195	3	4	0	0	0	1499966.279	-10.24167768
196	0	0	0	0	0	1499963.278	-10.24167768
199	0	0	2	0	0	1499954.275	-10.24167768
200	0	0	0	0	0	1499951.274	-10.24167768
201	0	0	0	0	0	1499948.273	-10.24167768
202	0	0	14	0	0	1499945.272	-10.24167768
203	0	0	0	0	0	1499942.271	-10.24167768
204	0	0	0	0	18	1499939.27	-10.24167768
205	0	0	27	0	0	1499936.269	-10.24167768
206	0	0	0	0	33	1499933.268	-10.24167768
207	0	0	13	0	0	1499930.267	-10.24167768
208	0	0	0	0	20	1499927.266	-10.24167768
209	0	4	1	0	0	1499924.265	-10.24167768
210	0	0	2	0	0	1499978.283	-7.240645571
211	24	0	2	0	0	1499975.282	-7.240645571
212	0	0	0	0	0	1499972.281	-7.240645571
213	0	8	1	0	0	1499969.28	-7.240645571
219	0	0	0	0	8	1499951.274	-7.240645571
220	0	0	0	0	0	1499948.273	-7.240645571
221	0	0	14	0	0	1499945.272	-7.240645571
224	0	0	13	0	0	1499936.269	-7.240645571
225	2	2	0	0	0	1499933.268	-7.240645571
226	0	10	0	0	0	1499930.267	-7.240645571
227	0	0	9	0	0	1499927.266	-7.240645571
228	0	0	0	0	4	1499924.265	-7.240645571
243	0	0	0	0	1	1499936.269	-4.239613462
244	0	0	9	0	0	1499933.268	-4.239613462
245	0	0	0	0	0	1499930.267	-4.239613462
246	0	0	0	0	0	1499927.266	-4.239613462
247	0	0	0	0	1	1499924.265	-4.239613462
300	4	0	1	0	0	1499942.271	-49.25509511
301	0	0	13	0	0	1499939.27	-49.25509511
302	0	0	32	0	0	1499978.283	-46.254063
303	0	0	4	0	0	1499975.282	-46.254063
304	0	0	15	0	0	1499972.281	-46.254063
305	13	0	4	0	0	1499969.28	-46.254063
306	8	0	0	0	0	1499948.273	-46.254063
307	5	0	4	0	1	1499945.272	-46.254063
308	0	0	1	0	0	1499942.271	-46.254063
309	0	0	14	0	0	1499939.27	-46.254063
310	0	0	38	0	0	1499978.283	-43.25303089
311	0	0	69	0	0	1499975.282	-43.25303089
312	0	0	11	0	0	1499972.281	-43.25303089
313	44	0	0	0	0	1499969.28	-43.25303089
314	0	2	21	0	0	1499948.273	-43.25303089
315	0	0	13	0	0	1499945.272	-43.25303089
316	0	0	12	0	0	1499942.271	-43.25303089
317	0	0	29	0	0	1499939.27	-43.25303089
400	0	0	35	0	0	1499987.286	-49.25509511
401	0	12	11	0	0	1499984.285	-49.25509511
402	0	0	41	0	0	1499981.284	-49.25509511
403	0	0	42	0	0	1499978.283	-49.25509511
404	0	0	0	0	0	1499993.288	-46.254063
405	0	0	0	22	0	1499990.287	-46.254063
406	0	0	18	0	0	1499987.286	-46.254063
407	0	0	17	0	0	1499984.285	-46.254063
408	0	0	18	0	0	1499981.284	-46.254063
409	0	6	0	0	0	1499993.288	-43.25303089
410	0	0	0	4	0	1499990.287	-43.25303089
411	0	0	6	0	0	1499987.286	-43.25303089
412	0	0	8	0	0	1499984.285	-43.25303089
413	0	8	0	0	0	1499981.284	-43.25303089
414	0	0	3	0	0	1499993.288	-40.25199878
415	0	0	7	0	0	1499990.287	-40.25199878
416	0	0	6	0	0	1499987.286	-40.25199878
417	0	0	0	5	0	1499984.285	-40.25199878
418	0	2	0	0	1	1499981.284	-40.25199878
419	0	0	0	4	0	1499993.288	-37.25096667
420	0	6	0	0	0	1499990.287	-37.25096667
421	8	0	0	0	0	1499987.286	-37.25096667
422	0	0	7	0	0	1499984.285	-37.25096667
423	0	0	7	0	0	1499981.284	-37.25096667
424	0	0	0	0	5	1499993.288	-34.24993456
425	0	0	2	8	0	1499990.287	-34.24993456
426	8	0	0	0	0	1499984.285	-34.24993456
427	0	0	1	0	0	1499981.284	-34.24993456
428	9	0	0	0	0	1499993.288	-31.24890245
429	0	0	0	0	0	1499990.287	-31.24890245
430	2	0	0	0	0	1499987.286	-31.24890245
431	1	0	0	0	0	1499981.284	-31.24890245
432	7	1	0	0	0	1499990.287	-28.24787034
433	0	0	1	0	0	1499987.286	-28.24787034
434	0	0	6	0	0	1499984.285	-28.24787034
435	0	0	0	0	0	1499981.284	-28.24787034
436	1	0	1	0	1	1499987.286	-25.24683823
437	0	17	0	0	0	1499984.285	-25.24683823
438	0	1	0	0	0	1499981.284	-25.24683823
439	0	3	0	0	0	1499981.284	-22.24580612
440	0	3	0	0	0	1499990.287	-19.24477401
441	0	3	0	0	0	1499987.286	-19.24477401
442	0	10	0	0	0	1499990.287	-16.2437419
443	0	0	0	0	0	1499987.286	-16.2437419
444	0	0	0	2	0	1499981.284	-16.2437419
445	0	0	0	1	0	1499993.288	-13.24270979
446	0	0	0	0	0	1499990.287	-13.24270979
447	1	2	0	0	0	1499987.286	-13.24270979
448	0	0	0	0	0	1499984.285	-13.24270979
449	0	0	0	12	0	1499981.284	-13.24270979
450	0	0	0	0	15	1499993.288	-10.24167768
451	0	0	21	0	0	1499990.287	-10.24167768
452	0	0	0	0	0	1499987.286	-10.24167768
453	0	0	0	13	0	1499984.285	-10.24167768
454	0	0	3	1	0	1499981.284	-10.24167768
455	0	0	0	0	0	1499993.288	-7.240645571
456	0	0	0	0	0	1499990.287	-7.240645571
457	0	0	0	13	0	1499987.286	-7.240645571
458	0	0	0	0	0	1499984.285	-7.240645571
459	0	2	0	0	0	1499981.284	-7.240645571
460	0	0	0	0	0	1499993.288	-4.239613462
461	0	0	0	0	0	1499990.287	-4.239613462
462	0	0	0	0	0	1499987.286	-4.239613462
463	0	1	0	0	0	1499984.285	-4.239613462
464	0	0	5	0	0	1499981.284	-4.239613462
